F1=270
F2=180
F1x=270*cos(55*pi/180);
F1y=270*sin(55*pi/180);
F2x=180*cos(110*pi/180);
F2y=180*sin(110*pi/180);

res=(F1*F1 + F2*F2+2*F1*F2*cos(55)).^0.5