x=[1.0 0.1 0.010 .001 0.0001];
y=(5.*sin(6.*x))./(4.*x)