%a*25+b*40+c*60+d*70+e*32+f*0=4897000;
%a+b+c+d+e+f=100000;

%c+1000-b=0;
%(d+b)-10*e=0;

%-a+c+b=0;

%c+a-4(f+e)=0;


A=[1 1 1 1 1 1;25 40 60 70 32 0;0 -1 1 0 0 0;0 1 0 1 -10 0;-1 1 1 0 0 0 ;1 0 1 0 -4 -4]
b=[100000;4897000;-11000;0;0;0]
x=A^-1*b