a=[-2 5 7;3 -6 2;9 -3 8]
b=[-17.5;40.6;56.2]
v=a^-1*b
x=v(1)
y=v(2)
z=v(3)
-2*x+5*y+7*z
a^-1
m=[-42 -61 52;-6 -79 25;45 39 -3]/369