%3a+b+c+2d+e=105*16
%a+2b+c+0d+2e=74*16
%a+b+0c+3d+3e=102*16
%2a+3b+3c+d+0e=118*16
%a+b+3c+2d+2e=121*16

A=[3 1 1 2 1;1 2 1 0 2;1 1 0 3 3
    2 3 3 1 0;1 1 3 2 2]
B=[105*16;74*16;102*16;118*16;121*16]
x=A\B
