d=[6 -1 4 0 -2 5]
e=[7 5 9 0 1 3]
a=[-1 4 0;9 0 1;0 -2 5];
a=[d(2:4);e(3:5);d(4:6)]
b=[-1 9;4 0;0 1;-2 3]