
d=3.5;
c=120;
q=[250 300 350 400 450];
p=4.5.*q.^(1.85)/(c.^1.85*(d.^4.87))